3
20
0.2
0.4
0.6
0
0.1
0.2
0.3
0.4
0.5
0.6
0.7
0.8
0.9
1
1.1
1.2
1.3
1.4
1.5
1.6
1.7
1.8
1.9
-4.4999E-06
0.0024105
0.004164
0.0050964
0.0055165
0.0057485
0.0059149
0.0060484
0.0061636
0.0062652
0.006357
0.006443
0.006525
0.0066071
0.0066941
0.0067866
0.006892
0.0070136
0.0071626
0.0073504
-4.5975E-06
0.003075
0.0058515
0.0080576
0.009469
0.010198
0.010575
0.010805
0.010965
0.01109
0.011195
0.01128
0.011355
0.011425
0.01149
0.011555
0.011625
0.011705
0.011795
0.011915
-5.2319E-06
0.003409
0.0066636
0.0096126
0.01204
0.013765
0.014775
0.01531
0.0156
0.015775
0.01589
0.015975
0.016035
0.01608
0.01612
0.01615
0.016175
0.016211
0.016245
0.01629
