6
101
0.2
0.4
0.6
0.8
1.0
1.2
0
0.02
0.04
0.06
0.08
0.1
0.12
0.14
0.16
0.18
0.2
0.22
0.24
0.26
0.28
0.3
0.32
0.34
0.36
0.38
0.4
0.42
0.44
0.46
0.48
0.5
0.52
0.54
0.56
0.58
0.6
0.62
0.64
0.66
0.68
0.7
0.72
0.74
0.76
0.78
0.8
0.82
0.84
0.86
0.88
0.9
0.92
0.94
0.96
0.98
1
1.02
1.04
1.06
1.08
1.1
1.12
1.14
1.16
1.18
1.2
1.22
1.24
1.26
1.28
1.3
1.32
1.34
1.36
1.38
1.4
1.42
1.44
1.46
1.48
1.5
1.52
1.54
1.56
1.58
1.6
1.62
1.64
1.66
1.68
1.7
1.72
1.74
1.76
1.78
1.8
1.82
1.84
1.86
1.88
1.9
1.92
1.94
1.96
1.98
2
-4.4999E-06
0.00051489
0.0010184
0.0015045
0.0019695
0.0024105
0.0028255
0.0032101
0.0035626
0.0038805
0.004164
0.0044115
0.0046265
0.0048096
0.0049651
0.0050964
0.0052075
0.0053019
0.0053835
0.0054541
0.0055165
0.0055711
0.0056214
0.005667
0.0057096
0.0057485
0.0057859
0.0058205
0.0058541
0.0058846
0.0059149
0.0059431
0.0059714
0.0059981
0.0060236
0.0060484
0.006073
0.0060966
0.0061195
0.0061417
0.0061636
0.0061841
0.0062051
0.0062256
0.0062456
0.0062652
0.0062845
0.0063021
0.006321
0.0063391
0.006357
0.0063741
0.0063915
0.0064084
0.0064266
0.006443
0.006459
0.0064762
0.0064926
0.0065091
0.006525
0.006541
0.006557
0.0065742
0.0065906
0.0066071
0.006624
0.0066404
0.0066581
0.0066755
0.0066941
0.0067115
0.0067301
0.0067484
0.0067675
0.0067866
0.0068061
0.0068266
0.0068481
0.00687
0.006892
0.0069151
0.0069389
0.0069625
0.0069885
0.0070136
0.0070405
0.0070691
0.0070996
0.0071301
0.0071626
0.0071967
0.0072327
0.0072706
0.0073101
0.0073504
0.0073945
0.0074401
0.0074885
0.007539
0.0075915
-4.5975E-06
0.00062585
0.0012515
0.0018685
0.0024775
0.003075
0.003662
0.004235
0.0047915
0.005331
0.0058515
0.0063469
0.0068195
0.007262
0.0076761
0.0080576
0.0084062
0.0087199
0.0090022
0.0092502
0.009469
0.0096583
0.0098243
0.0099669
0.010091
0.010198
0.010293
0.010375
0.010449
0.010515
0.010575
0.01063
0.01068
0.01072
0.010765
0.010805
0.01084
0.010875
0.010905
0.010935
0.010965
0.01099
0.01102
0.011045
0.01107
0.01109
0.011115
0.011135
0.011155
0.011175
0.011195
0.01121
0.01123
0.011245
0.011265
0.01128
0.011295
0.01131
0.01133
0.01134
0.011355
0.01137
0.011385
0.0114
0.01141
0.011425
0.01144
0.01145
0.011465
0.011475
0.01149
0.0115
0.011515
0.011525
0.011545
0.011555
0.01157
0.01158
0.011595
0.01161
0.011625
0.01164
0.011655
0.01167
0.011685
0.011705
0.01172
0.01174
0.011755
0.011775
0.011795
0.011815
0.01184
0.01186
0.011885
0.011915
0.01194
0.011965
0.011995
0.012025
0.01206
-5.2319E-06
0.00068605
0.0013735
0.0020576
0.0027355
0.003409
0.004077
0.0047376
0.005388
0.006032
0.0066636
0.0072851
0.0078912
0.0084829
0.009057
0.0096126
0.010147
0.01066
0.011145
0.011605
0.01204
0.012445
0.01282
0.013165
0.01348
0.013765
0.014015
0.014245
0.014445
0.01462
0.014775
0.01491
0.01503
0.015135
0.015225
0.01531
0.01538
0.015445
0.0155
0.01555
0.0156
0.01564
0.01568
0.01571
0.015745
0.015775
0.0158
0.015825
0.01585
0.01587
0.01589
0.01591
0.015925
0.015945
0.01596
0.015975
0.01599
0.016
0.016015
0.016026
0.016035
0.016046
0.016055
0.016066
0.016075
0.01608
0.01609
0.016095
0.016105
0.01611
0.01612
0.016125
0.01613
0.016135
0.016145
0.01615
0.016155
0.01616
0.016165
0.016171
0.016175
0.016185
0.016191
0.016195
0.0162
0.016211
0.016215
0.01622
0.016231
0.016235
0.016245
0.01625
0.01626
0.01627
0.016285
0.01629
0.016305
0.01632
0.01633
0.016345
0.01636
-6.4464E-06
0.00072449
0.001454
0.002179
0.0029025
0.0036205
0.0043371
0.0050476
0.0057516
0.0064507
0.007144
0.0078292
0.0085068
0.0091724
0.00983
0.010473
0.011105
0.01172
0.01232
0.0129
0.013465
0.014005
0.01453
0.01503
0.015505
0.01596
0.016385
0.01679
0.017165
0.01751
0.017835
0.01813
0.0184
0.018645
0.018866
0.01906
0.019236
0.01939
0.01953
0.01965
0.019755
0.019845
0.01993
0.02
0.020065
0.020121
0.02017
0.02021
0.02025
0.020286
0.020315
0.02034
0.020365
0.020385
0.020405
0.02042
0.020435
0.020451
0.02046
0.020471
0.020475
0.020485
0.02049
0.020495
0.0205
0.020505
0.020505
0.02051
0.02051
0.02051
0.02051
0.02051
0.02051
0.02051
0.02051
0.020505
0.020505
0.0205
0.0205
0.0205
0.020495
0.02049
0.020485
0.020485
0.020485
0.02048
0.020475
0.020475
0.020471
0.020471
0.020465
0.020465
0.02046
0.02046
0.020455
0.020455
0.020455
0.020455
0.020455
0.020455
0.020455
-4.3635E-06
0.00075525
0.0015135
0.0022705
0.0030246
0.0037766
0.0045249
0.00527
0.0060101
0.006748
0.0074801
0.0082064
0.0089264
0.0096402
0.010345
0.01104
0.011725
0.0124
0.013065
0.013715
0.01435
0.01497
0.01558
0.016171
0.01674
0.01729
0.017825
0.01834
0.018835
0.019305
0.01976
0.020185
0.020596
0.020975
0.021336
0.021675
0.021985
0.02228
0.022545
0.022795
0.023015
0.02322
0.023405
0.02357
0.02372
0.02385
0.023965
0.02407
0.024156
0.024235
0.024305
0.024365
0.024415
0.02446
0.024495
0.02453
0.02456
0.02458
0.0246
0.02462
0.024631
0.024645
0.024651
0.02466
0.024665
0.024665
0.024671
0.024671
0.024665
0.024665
0.02466
0.024655
0.024651
0.024645
0.024635
0.024631
0.02462
0.024611
0.024605
0.024595
0.024585
0.02457
0.02456
0.02455
0.02454
0.024526
0.024515
0.024506
0.02449
0.02448
0.024466
0.024455
0.02444
0.02443
0.02442
0.024405
0.024395
0.02438
0.02437
0.024361
0.02435
-5.4715E-06
0.00077701
0.0015595
0.0023406
0.0031201
0.0038955
0.0046706
0.0054414
0.0062096
0.006974
0.0077364
0.0084915
0.009243
0.0099888
0.01073
0.011455
0.01218
0.012895
0.0136
0.014295
0.01498
0.01565
0.01631
0.016955
0.017585
0.0182
0.0188
0.019385
0.01995
0.0205
0.02103
0.021545
0.02204
0.022515
0.02297
0.02341
0.023826
0.02422
0.0246
0.024955
0.02529
0.025605
0.0259
0.026176
0.02643
0.026665
0.026885
0.027085
0.027266
0.027431
0.02758
0.027716
0.027835
0.027946
0.028035
0.02812
0.028191
0.028255
0.02831
0.028356
0.028396
0.028425
0.02845
0.028475
0.02849
0.028505
0.028515
0.028521
0.028525
0.028525
0.028525
0.028521
0.028515
0.02851
0.028501
0.02849
0.028481
0.028465
0.028455
0.02844
0.028425
0.028405
0.02839
0.028376
0.028356
0.02834
0.02832
0.0283
0.02828
0.02826
0.02824
0.02822
0.0282
0.028175
0.02816
0.028135
0.028115
0.028095
0.028075
0.02805
0.02803
